2.000000 	 0.001043 	 0.998846 	 0.000111 
2.750000 	 0.001154 	 0.998723 	 0.000123 
3.000000 	 0.001195 	 0.998678 	 0.000127 
3.250000 	 0.001239 	 0.998630 	 0.000131 
3.500000 	 0.001285 	 0.998579 	 0.000136 
3.750000 	 0.001334 	 0.998525 	 0.000141 
4.000000 	 0.001386 	 0.998468 	 0.000146 
4.250000 	 0.001441 	 0.998407 	 0.000152 
4.500000 	 0.001499 	 0.998343 	 0.000158 
4.750000 	 0.001561 	 0.998274 	 0.000164 
5.000000 	 0.001627 	 0.998202 	 0.000171 
5.250000 	 0.001698 	 0.998124 	 0.000178 
5.500000 	 0.001774 	 0.998041 	 0.000186 
5.750000 	 0.001854 	 0.997952 	 0.000194 
6.000000 	 0.001941 	 0.997857 	 0.000202 
6.250000 	 0.002034 	 0.997755 	 0.000212 
6.500000 	 0.002133 	 0.997645 	 0.000222 
6.750000 	 0.002241 	 0.997527 	 0.000232 
7.000000 	 0.002357 	 0.997399 	 0.000244 
7.250000 	 0.002483 	 0.997261 	 0.000256 
7.500000 	 0.002619 	 0.997112 	 0.000269 
7.750000 	 0.002766 	 0.996950 	 0.000284 
8.000000 	 0.002927 	 0.996773 	 0.000299 
8.250000 	 0.003103 	 0.996581 	 0.000316 
8.500000 	 0.003295 	 0.996370 	 0.000334 
8.780000 	 0.003533 	 0.996110 	 0.000357 
9.740000 	 0.004582 	 0.994964 	 0.000455 
10.050000 	 0.005023 	 0.994482 	 0.000495 
10.250000 	 0.005343 	 0.994133 	 0.000524 
10.550000 	 0.005883 	 0.993544 	 0.000572 
10.750000 	 0.006291 	 0.993100 	 0.000608 
11.050000 	 0.006988 	 0.992343 	 0.000670 
11.250000 	 0.007519 	 0.991766 	 0.000716 
11.550000 	 0.008437 	 0.990769 	 0.000794 
11.750000 	 0.009146 	 0.990000 	 0.000854 
12.050000 	 0.010389 	 0.988654 	 0.000957 
12.250000 	 0.011364 	 0.987599 	 0.001037 
12.550000 	 0.013103 	 0.985720 	 0.001176 
12.750000 	 0.014493 	 0.984221 	 0.001286 
13.050000 	 0.017027 	 0.981492 	 0.001481 
13.250000 	 0.019099 	 0.979265 	 0.001636 
13.550000 	 0.022979 	 0.975101 	 0.001920 
13.750000 	 0.026245 	 0.971603 	 0.002151 
14.050000 	 0.032574 	 0.964840 	 0.002586 
14.250000 	 0.038101 	 0.958947 	 0.002952 
14.550000 	 0.049284 	 0.947052 	 0.003663 
14.750000 	 0.059513 	 0.936198 	 0.004288 
15.250000 	 0.102383 	 0.890869 	 0.006748 
15.350000 	 0.115661 	 0.876858 	 0.007480 
15.450000 	 0.131261 	 0.860406 	 0.008334 
15.550000 	 0.149621 	 0.841045 	 0.009333 
15.650000 	 0.171236 	 0.818251 	 0.010513 
15.750000 	 0.196635 	 0.791451 	 0.011914 
15.850000 	 0.226340 	 0.760070 	 0.013590 
16.050000 	 0.300238 	 0.681709 	 0.018054 
16.150000 	 0.344604 	 0.634365 	 0.021031 
16.250000 	 0.393355 	 0.581980 	 0.024665 
16.350000 	 0.445428 	 0.525477 	 0.029095 
16.450000 	 0.499282 	 0.466266 	 0.034452 
16.550000 	 0.553095 	 0.406086 	 0.040819 
16.650000 	 0.605053 	 0.346802 	 0.048145 
16.750000 	 0.653646 	 0.290215 	 0.056139 
16.850000 	 0.697843 	 0.237969     0.064189
16.950000 	 0.737138 	 0.191467     0.071395
17.050000 	 0.771475 	 0.151698     0.076827
17.150000 	 0.801111 	 0.119024     0.079865
17.250000 	 0.826486 	 0.093104     0.080410
17.350000 	 0.848117 	 0.073060     0.078823
17.450000 	 0.866524 	 0.057788     0.075687
17.550000 	 0.882195 	 0.046210     0.071595
17.650000 	 0.895560	  0.037411    0.067029 
17.750000 	 0.906991	  0.030675    0.062334 
17.850000 	 0.916803	  0.025466    0.057731 
17.950000 	 0.925259	  0.021391    0.053350 
18.050000 	 0.932577	  0.018165    0.049258 
18.150000 	 0.938938	  0.015580    0.045482 
18.250000 	 0.944491	  0.013486    0.042024 
18.350000 	 0.949358	  0.011770    0.038872 
18.450000 	 0.953644	  0.010350    0.036006 
18.550000 	 0.957431	  0.009164    0.033404 
18.650000 	 0.960793	  0.008165    0.031042 
18.750000 	 0.963786	  0.007316    0.028898 
18.850000 	 0.966462	  0.006590    0.026948 
18.950000 	 0.968862	  0.005964    0.025174 
19.050000 	 0.971022	  0.005422    0.023556 
19.150000 	 0.972971	  0.004949    0.022080 
19.250000 	 0.974736	  0.004534    0.020730 
