2.000000 	 0.000386 	 0.000125 	 0.999489 
2.750000 	 0.000425 	 0.000139 	 0.999436 
3.000000 	 0.000440 	 0.000144 	 0.999417 
3.250000 	 0.000455 	 0.000149 	 0.999396 
3.500000 	 0.000470 	 0.000155 	 0.999375 
3.750000 	 0.000487 	 0.000161 	 0.999352 
4.000000 	 0.000505 	 0.000168 	 0.999328 
4.250000 	 0.000524 	 0.000174 	 0.999302 
4.500000 	 0.000543 	 0.000182 	 0.999275 
4.750000 	 0.000564 	 0.000189 	 0.999246 
5.000000 	 0.000587 	 0.000198 	 0.999216 
5.250000 	 0.000610 	 0.000207 	 0.999183 
5.500000 	 0.000635 	 0.000216 	 0.999149 
5.750000 	 0.000662 	 0.000226 	 0.999112 
6.000000 	 0.000691 	 0.000237 	 0.999072 
6.250000 	 0.000721 	 0.000249 	 0.999030 
6.500000 	 0.000754 	 0.000261 	 0.998985 
6.750000 	 0.000789 	 0.000275 	 0.998936 
7.000000 	 0.000826 	 0.000290 	 0.998884 
7.250000 	 0.000866 	 0.000306 	 0.998828 
7.500000 	 0.000910 	 0.000323 	 0.998768 
7.750000 	 0.000956 	 0.000342 	 0.998702 
8.000000 	 0.001007 	 0.000362 	 0.998631 
8.250000 	 0.001061 	 0.000385 	 0.998554 
8.500000 	 0.001121 	 0.000409 	 0.998470 
8.780000 	 0.001193 	 0.000440 	 0.998367 
9.740000 	 0.001506 	 0.000575 	 0.997919 
10.050000 	 0.001634 	 0.000633 	 0.997734 
10.250000 	 0.001725 	 0.000675 	 0.997601 
10.550000 	 0.001877 	 0.000745 	 0.997377 
10.750000 	 0.001990 	 0.000799 	 0.997211 
11.050000 	 0.002180 	 0.000891 	 0.996929 
11.250000 	 0.002322 	 0.000962 	 0.996716 
11.550000 	 0.002563 	 0.001085 	 0.996352 
11.750000 	 0.002745 	 0.001180 	 0.996075 
12.050000 	 0.003056 	 0.001348 	 0.995596 
12.250000 	 0.003294 	 0.001481 	 0.995225 
12.550000 	 0.003706 	 0.001720 	 0.994574 
12.750000 	 0.004024 	 0.001913 	 0.994063 
13.050000 	 0.004583 	 0.002268 	 0.993149 
13.250000 	 0.005021 	 0.002562 	 0.992417 
13.550000 	 0.005802 	 0.003121 	 0.991077 
13.750000 	 0.006424 	 0.003599 	 0.989977 
14.050000 	 0.007550 	 0.004545 	 0.987904 
14.250000 	 0.008462 	 0.005392 	 0.986146 
14.550000 	 0.010137 	 0.007161 	 0.982702 
14.750000 	 0.011507 	 0.008842 	 0.979650 
15.250000 	 0.016059 	 0.016528 	 0.967413 
15.350000 	 0.017178 	 0.019119 	 0.963703 
15.450000 	 0.018358 	 0.022295 	 0.959347 
15.550000 	 0.019584 	 0.026221 	 0.954195 
15.650000 	 0.020833 	 0.031115 	 0.948053 
15.750000 	 0.022067 	 0.037265 	 0.940668 
15.850000 	 0.023237 	 0.045052 	 0.931711 
16.050000 	 0.025107 	 0.067682 	 0.907211 
16.150000 	 0.025645 	 0.084005 	 0.890350 
16.250000 	 0.025814 	 0.104990 	 0.869196 
16.350000 	 0.025565 	 0.131909 	 0.842526 
16.450000 	 0.024885 	 0.166233 	 0.808882 
16.550000 	 0.023814 	 0.209495 	 0.766691 
16.650000 	 0.022430 	 0.262953 	 0.714618 
16.750000 	 0.020835 	 0.326973 	 0.652192 
16.850000 	 0.019137 	0.400235  	 0.580629 	 
16.950000 	 0.017428 	0.479229  	 0.503343 	 
17.050000 	 0.015779 	0.558730  	 0.425491 	 
17.150000 	 0.014234 	0.633325  	 0.352441 	 
17.250000 	 0.012818 	0.699099  	 0.288083 	 
17.350000 	 0.011539 	0.754366  	 0.234095 	 
17.450000 	 0.010396 	0.799318  	 0.190286 	 
17.550000 	 0.009381 	0.835206  	 0.155413 	 
17.650000 	 0.008483	 0.863629  	0.127888  	 
17.750000 	 0.007690	 0.886128  	0.106183  	 
17.850000 	 0.006989	 0.904010  	0.089001  	 
17.950000 	 0.006370	 0.918322  	0.075308  	 
18.050000 	 0.005822	 0.929873  	0.064305  	 
18.150000 	 0.005336	 0.939279  	0.055385  	 
18.250000 	 0.004904	 0.947009  	0.048087  	 
18.350000 	 0.004518	 0.953418  	0.042063  	 
18.450000 	 0.004174	 0.958778  	0.037048  	 
18.550000 	 0.003866	 0.963297  	0.032837  	 
18.650000 	 0.003588	 0.967136  	0.029275  	 
18.750000 	 0.003339	 0.970421  	0.026240  	 
18.850000 	 0.003113	 0.973251  	0.023636  	 
18.950000 	 0.002908	 0.975704  	0.021388  	 
19.050000 	 0.002723	 0.977842  	0.019436  	 
19.150000 	 0.002553	 0.979716  	0.017731  	 
19.250000 	 0.002399	 0.981367  	0.016234  	 
